w_final: -0.021448963588329005
b_final: 8499.59964859648
